6.863817324296165090e+00
1.758505970015278308e+00
3.887594165234853349e-01
2.606156284496097264e-01
1.487152983610422474e+00
8.886608125548756121e-02
1.419879831482129262e-01
3.256037299956563658e+00
2.253538972407050700e+00
2.357025226851629185e+00
1.234860934006510869e+00
2.089735863481631206e+00
5.233383636398906802e+00
4.027262025301381332e-01
6.172533265623281196e-02
1.557762976122597509e+00
6.774351797430822053e-01
1.004499795595559242e+00
1.860213740058679344e+00
3.594108693942964727e+00
1.931546134393531400e+00
3.336689344587938422e+00
1.319861081679529757e+00
9.160448624560080244e-01
5.132288922979988399e-01
3.893919866148509712e-01
9.696625839127093194e-01
2.031469454613500147e+00
3.497995116459603260e+00
2.858693612445830645e+00
5.682404002973115986e+00
2.382589005476454247e-01
3.594190171106496301e+00
5.549048411067292186e-02
4.351285614673852997e+00
4.461373265445423009e-01
9.661235011460556077e-01
1.482990563145932805e+00
9.066251262491076268e-01
3.231598807285624098e+00
3.304929501962675431e+00
1.454713662164952570e-01
2.108462127786636664e-01
1.312914290114431948e+00
1.688809844890791778e+00
1.511887919200973762e+00
7.687796471524954711e-02
2.454210051472920373e+00
3.582401230097231881e-02
1.392399320552955011e+00
2.483924818647106569e+00
3.892184549973456420e+00
8.391175439068387920e-01
8.653832744471956495e-02
3.871241956487858626e-01
2.641647848046619895e+00
3.263039943816644417e+00
4.667124090445007312e-03
1.693498540248018491e+00
7.856903940199799763e-01
6.889976109986154285e+00
1.343889391453974014e+00
2.392579244246690884e+00
7.140525198359132020e+00
6.172850508362774491e+00
1.586334382683675104e+00
7.487563871465874321e-01
7.450519958979573421e-01
3.533528545746851268e+00
7.020846021540105841e-01
1.276185101003526334e+00
1.602845904000904653e-01
1.068334806364745759e-01
3.113086142526327649e+00
2.798125759560608827e+00
9.272131080669709924e-01
2.129106764750785530e+00
5.678834721058287016e+00
2.929602623302187681e+00
3.818564227721936710e+00
6.923825846652631455e-01
5.694554146013960150e+00
1.578899729662250895e+00
9.509702390373564462e-01
2.305893633561826306e+00
7.902012087610366109e-01
3.353449463755395765e+00
5.066960308886820030e+00
8.897585986631340038e-01
7.568196850745334103e+00
1.313659353634977212e-01
2.113112998894037808e+00
3.298821132195639549e+00
1.509664627155816730e+00
7.648303728675029944e+00
4.454463448675241466e+00
1.020556843095191679e+00
7.491826145250790603e-02
9.564525097495379935e-01
4.715058782800579884e+00
1.105471891571929710e-01
2.105845086062336780e+00
5.389486341646653855e+00
2.786545962978148605e-01
2.270421093755867759e+00
2.007456541321106513e-01
2.644170184601226659e+00
1.328952209927403150e-01
1.636806016854046586e+00
3.156975842160025802e-01
1.438000199532780687e+00
3.054501806671200193e+00
3.559033128450694861e-01
9.258593313077989606e-01
3.708554991936163781e-01
3.816540785731080909e+00
5.013137815393575725e-01
5.793769629628253703e-01
3.111826572331755081e-01
6.553937552134156519e+00
1.536469824808823770e+00
2.980111419685153251e+00
1.996492819881027225e+00
8.208621122112291779e-02
1.601419285311621588e+00
8.866630886964388392e-01
2.832508460433613706e-01
4.000161704562033016e-01
3.702360110208895438e+00
3.931734710464607208e-01
2.767085412780506459e+00
1.322456223556408572e+00
1.094948792913412738e+00
1.024845642511064137e+00
4.818136354914834385e+00
2.867837552688581315e+00
3.032010589268163692e-02
2.513004956076009044e+00
2.738174218104921565e+00
4.389500402726286055e+00
7.438930926668196886e-01
3.183562710143850172e-01
2.081521601297394497e+00
5.251418307784398998e+00
1.084954521403618255e+00
3.345481902678226760e-01
3.083306629551559652e+00
3.576677531528841492e+00
4.540888312029811580e-02
9.355073716281525620e-01
4.460176692926565156e-01
3.400004287437247363e+00
2.545733288946371076e+00
9.151497682914266907e-01
5.059721383340623824e+00
8.966178029732096988e-02
1.802362101986998422e-01
1.886738363736133461e+00
5.099589379154678692e-01
1.065614788618396425e-01
8.096621134995917402e+00
2.712648609314652681e+00
8.484401296192856101e-01
9.408774363576977162e-01
1.034484426899082710e+00
1.839082767625892512e+00
4.955813515810328695e+00
3.293829633346241348e+00
7.654481387734601849e-01
6.304479254645292130e+00
2.965136442469703759e+00
1.450824333118508891e+00
1.192492248749528194e+00
3.349214051880676557e+00
2.265484623260196617e+00
5.620668938462666020e+00
6.223566528864113323e+00
5.134643273476036107e+00
4.505824096351451757e-01
3.962416441839993198e+00
8.660399153532779337e+00
4.887255032122734377e+00
6.877025956204530388e+00
6.542660905457398091e-01
1.030655091548872138e+00
1.899385442143032288e+00
8.341620884388945001e-04
7.284718944303936183e-01
5.821467823847981116e-01
1.561054318115192574e+00
2.236108564305406610e+00
9.858741404238831052e+00
9.086401796047962165e+00
4.455296089100058143e-01
5.044955196096564620e+00
2.317596125937514628e+00
3.054634732955067378e+00
1.313978903220753836e+00
2.046012812190158847e+00
4.474716704621341634e+00
2.420379821570072032e+00
1.075865583346735654e-01
1.787303369779033035e+00
7.435088520788578847e+00
8.010509802267218316e-01
5.870637688443913760e+00
3.146509592015544143e+00
7.792004144359432338e-02
5.499499947973354175e+00
4.986984929709326053e-01
1.191448921150382034e+00
2.667476347517277802e+00
1.820972086151908531e+00
6.716690453044826814e-01
2.882345885618453618e+00
1.459600638093916380e-01
1.045397757400496896e+00
8.917527056199647806e-01
4.455912462903935278e+00
2.063495583747450013e+00
2.506649751393286163e+00
1.237442495454253999e+00
3.955879004469018412e+00
5.822426750990481459e+00
2.757459841542473367e+00
1.120778305468158598e+00
4.080863893624293581e+00
2.833952261747269219e+00
3.548108645354415280e+00
6.553978532707571691e-01
2.425487763367040195e-02
1.242549371786217938e+00
1.176665112349605247e+00
1.085114256431831681e+00
3.946966165916299119e-01
1.294968172246246940e+00
4.196038470245144758e-01
1.543829742033451247e+00
5.836728477315425323e+00
5.097629351792620778e-01
9.757442378381320225e-01
2.278373990452837727e+00
1.013181219730741045e+00
1.394850669059086723e+00
9.267490117224275181e-02
4.920371783711344094e+00
1.757819766715629228e-02
2.941492724681342708e+00
2.397252392004616262e+00
9.539881262917504490e-01
6.041037427012674321e-02
5.429133741797620871e+00
2.242855019448186660e-01
2.804993724469548866e+00
7.160029405947243575e-01
3.717588750830244315e+00
2.108506688552140851e+00
4.302498733559689814e-01
2.833930181742494447e-01
5.527339219003129855e+00
1.607735393529474699e-01
5.171770470972468559e+00
6.118858514446900987e-01
6.225697501228538044e+00
3.590930860385999068e-01
1.758695474975319195e+00
3.245110358945241025e+00
2.589339239322696606e-02
9.717701575457216023e-01
4.560505627246995708e+00
2.730766293348364293e+00
1.212282470768843989e+00
1.202089457248628479e+00
9.527273972297423121e-01
3.805474087898543800e+00
3.830593325847220232e-01
2.111374625109854186e+00
7.242015349286656800e-01
8.261050258755808784e-01
1.648550178819058187e+00
3.801437258533351127e+00
5.943673680646066604e-01
2.807008516324183134e-01
2.912884845561758418e+00
9.886074893535112817e-01
9.164231248317433742e-01
3.083539666818504443e+00
8.541683621565454576e-01
5.158427604634729935e-01
7.822028726471919047e-01
3.811555653080494821e+00
4.209899901794034172e-01
1.912841468117687516e+00
4.281848315062668497e+00
1.030702514658454749e+00
2.859611711425160685e+00
1.560784387017821739e-01
2.008903321044377410e+00
3.399701285064033129e+00
1.271779066861711271e-02
6.655289993501682488e+00
3.846858403752628774e-01
2.231136731536498274e-01
1.741256205817777181e+00
1.136840459506638368e-01
3.711153196878302918e+00
1.816707523137646163e+00
4.796484726213523508e-02
8.836167054410470900e-01
3.663297260133147937e+00
5.517741128850749632e+00
1.191715878544704621e+00
1.197021558090605176e-01
5.946879180315626456e+00
1.534355533560580742e+00
1.659807748380442982e+00
1.813244406614414883e+00
1.486396572164594421e-01
1.976905777364901251e-01
7.972359209879154029e-02
1.443835349908756394e+00
3.570199433645360187e-01
1.650748482608581647e+00
2.739818149357108545e+00
1.993353166107567631e+00
4.766522271502260377e-01
1.094394681788786183e+00
4.552848768975909621e+00
6.122631590197499030e+00
3.392402739858635385e-01
2.654493058048049470e+00
3.211027164158012148e+00
2.862805400463646954e+00
1.676604947408576463e+00
2.832989030866039926e-01
1.120656208843612278e+00
4.218903065165317656e+00
1.219563209135887671e+00
4.559225172922297453e+00
3.271223233531872499e-01
1.501442825169647666e+00
3.951398033772035578e-01
1.255568086337589540e+00
3.860982472221674566e-01
2.764420513758969467e+00
3.569060725449901827e-01
1.234573943322831990e+00
3.086319059562084632e+00
3.183261196049809172e+00
1.866832501228203878e+00
2.671342279984592061e+00
1.158616280719337865e-01
4.483768657007380920e-01
1.913472457313724062e+00
4.775991980194849162e-03
1.892323098143788851e-01
7.989188256205466132e+00
2.054593101520144849e+00
9.701306423955113889e-01
4.702527369998904305e+00
5.438997966206615686e-01
2.631689977553968163e+00
1.115465896231410126e+00
8.964763301596079259e-01
1.612171613466070186e+00
2.185076409362380900e+00
4.626722867242870407e+00
7.626544825054426546e-02
1.843605463434256908e+00
4.602237254313179093e+00
1.810324890700425460e+00
1.989731258865315988e+00
3.546615870407666904e+00
9.483451928474972981e-01
3.347506543616241004e-01
1.343876858857492307e+00
5.591983392403419906e+00
6.725302690217543677e+00
3.454295993210303450e+00
1.638471238359688886e+00
1.928599507527982704e+00
1.772839535460122296e+00
1.931113686313625788e+00
7.827474267735679003e-01
7.550641757008512478e+00
1.670422769038710786e+00
2.224018325386568407e+00
3.952829331819207592e-01
4.211608703246216834e-03
6.757815549569701208e-01
7.437625273777725976e-01
1.971464690934323638e+00
1.272273505938770199e-01
2.388766242140820673e+00
1.645427421629697129e-01
4.816720521751738371e-01
6.144354651705519199e-01
3.972109663799505697e-01
2.967489504210191420e+00
3.825571860931437307e+00
6.310780619860456575e-02
2.818089988824410419e+00
8.050912898467255108e-01
2.456130265345277675e+00
1.405698232082999155e+00
7.495314649503481697e-02
2.247607509795235270e-01
2.118057452581171063e+00
1.342553793293522757e+00
1.224178746728283862e+00
1.942716081653639293e-02
4.543193215444528477e+00
3.028775441850306560e-01
7.089448923323471430e-01
1.788650161558047458e-01
9.377582574020815187e-01
3.710493490700703667e+00
3.273279656632854806e-01
6.947780859528129849e-01
7.421892338370061903e-01
3.575532230850003934e+00
9.851359333510201211e-01
9.928007570823804695e-01
8.255816809658439226e+00
1.242014710077605777e+00
9.966225527661976002e-01
2.188105318740932503e+00
1.730221115401118226e+00
9.357128208220309773e+00
1.138512631638888273e-02
5.007892837798241459e+00
3.340884158352443123e+00
6.787640350214171114e+00
1.772828723274607610e+00
3.361140587193708562e+00
1.389585065572906952e+00
7.812528574831696382e+00
4.817094908702890255e-01
2.797414388819162490e+00
5.288840029952343258e+00
2.778695346008634992e+00
7.228670653794646128e+00
7.418132584229208071e+00
6.267138955700668479e-01
6.053072622865673935e-01
2.093707222534687773e+00
1.434987524489976796e+00
1.975564451092700624e+00
6.059134174240627502e+00
1.639808760036556290e+00
5.382608345466720401e+00
3.046466885932042068e-01
1.790993073067930208e+00
2.174482508141300841e+00
5.375861736992031403e+00
4.151159770548096262e-01
2.204031209215059128e+00
1.827804684564597881e+00
8.854395276027682282e-01
2.315844383295586617e+00
5.875212150450825899e-01
4.393041088540056371e+00
6.634949881612735467e+00
1.969437948533923066e+00
1.378097972824968709e+00
1.525038901320430185e-01
1.761513548285371655e+00
3.827845917268697384e+00
9.038253687048536378e-01
6.733225295593980864e-01
7.831798232561970607e-01
3.580009979362937855e+00
6.994640272891661237e-01
9.279787887176604855e-01
2.684069064616643185e+00
3.859542607770171330e+00
1.567376248431784358e-01
3.566467117815172116e+00
1.559716569657464413e+00
5.473790428833447130e-01
8.680556497482272427e-01
6.781407284055496199e-01
9.153528368409957761e-01
2.212864272260850473e-01
8.573767656376896085e-01
3.007343205059847868e+00
4.268927004138267645e-01
3.986157482552346920e+00
2.429078319739086389e-01
1.553655611531667979e+00
6.411890350625393253e-02
2.323157828602018249e-01
3.492097921674687022e+00
4.007177418878027364e-01
6.442508166713900586e-01
5.442590280356340848e-01
1.601403550416069521e+00
2.209323579792501491e+00
1.938629953168243825e+00
2.334916852332225012e-01
1.082999642417621367e+00
3.483833353314333969e+00
4.974119746308973689e+00
1.848680482052166285e+00
2.523953749648972789e+00
1.376589614788992222e-01
4.231740282280646248e+00
9.399394953136241959e-01
6.400913356251891617e-01
2.509316490335533611e-01
2.229578752511352846e+00
8.935106136299164614e-01
3.136754396213602192e+00
4.437297645063480900e+00
6.323085474059586542e-01
8.101059380339337146e-02
6.405004951817616643e-01
6.715957988122389644e-01
3.423296220904448184e+00
5.654457450238914440e-01
1.087266776667820123e+00
2.056227033030619822e+00
1.703892425072491834e+00
2.884650333167759761e+00
3.254902982196072880e-01
1.960033350807675046e+00
2.836848628570345365e+00
2.946631867344743583e+00
1.800872932216812661e-01
1.970790516717302321e+00
2.671100628392584220e+00
4.994648772978094176e-01
1.033961414678470359e+00
6.141645586745525520e-01
3.566497585481776866e+00
1.263037480731374895e+00
2.679319713203225373e+00
9.890117393189523654e-01
3.118994512808001218e+00
1.036928031322137400e+00
3.211992370739764624e+00
5.634390862865434890e-01
2.304698468559056579e+00
3.043631052847230123e+00
6.418971001972321844e+00
1.626265894136885715e+00
1.410842561752168045e-02
2.586980116914436856e+00
7.983341313801184391e-02
1.026477961631833136e+00
5.576582632727866695e-01
3.287570295487696193e-01
1.228859753769517837e+00
5.088036391476646880e-01
1.033021323339394781e+00
2.949930245194477330e+00
1.104279625250471630e+00
9.939383031582893491e-01
9.687948040886795731e-02
1.632058704178640518e+00
2.619928949557472908e+00
8.122200358829623212e-01
1.237409796274253626e+00
5.368932572261329916e+00
3.197492232074783391e-01
4.214403779716367815e+00
2.339883610228654653e-01
1.168066909693680211e+00
8.135256910154597954e-02
4.704359666892123037e+00
1.327577957858325775e+00
8.434207444134844689e-01
1.629225847716297970e+00
3.356139894048393302e-01
9.284852804435350659e-01
4.254855703892305385e+00
2.220123511255100990e-01
5.652884727236152429e+00
5.729216684017572447e+00
4.964343578781239330e+00
2.773150709888065002e+00
1.865428653406842052e+00
2.169824770568481220e+00
1.124235447234189778e-01
1.079171904099106571e+00
1.036656835014065914e+00
1.921397464500779195e+00
3.655922583456645558e+00
2.703079639736372108e-02
2.216081687054634042e+00
3.002751297387723284e+00
9.642816163655876238e-01
2.045668288264064216e+00
4.034678778178833802e+00
1.032102837842379106e+00
5.865102573759538807e+00
1.456132428442361570e+00
1.873203288949399914e+00
1.515328763951995228e-01
7.036695020896432951e-02
4.404826711317244570e-01
7.057588697461403271e-01
8.578495446067491148e-01
5.173762561452328157e+00
5.188194381324118254e-01
3.239954677542199235e+00
2.472829776502375232e+00
1.701350372650893839e+00
6.171327001644877353e-01
9.792473757383279853e-01
3.547813254421416929e-01
5.943566546893974678e-01
1.350823089652999354e+00
1.153108714746637897e+00
2.068037156534164644e+00
3.039992451506585702e+00
6.224097955527052584e-01
3.990564974434354095e+00
5.495827953765608509e-01
1.909781372626428997e+00
8.875529510521618093e-02
3.665136049088868475e-01
6.201614302163869219e+00
9.024717222698974695e-01
7.583857238458091565e-01
9.224141589038759026e-01
4.480320833578725903e+00
3.919881635265465292e-01
3.914148612670444116e+00
3.306442111059026967e-01
2.881090216239712287e-01
5.883322071428392697e+00
6.771949134601564779e+00
3.413099648572019085e+00
5.551002534143838929e+00
6.737015837529891638e-01
1.264925977701203408e-01
5.444023236743256167e-01
5.738671444942004207e+00
1.036697060008766602e+00
1.639094042681171759e+00
2.544552830892245154e+00
1.081099823284964456e+00
2.549604652742749611e+00
2.244302646286211456e-01
1.119888715123410483e+00
8.230757296969482439e+00
2.610372798693749719e+00
2.129699935184786952e+00
1.897327017419228046e+00
2.970436735367276704e-01
2.628828665776550277e-01
3.762812523033515433e+00
5.209068412545692084e+00
6.926023427542615796e-01
1.518346422989258482e-01
3.314563849547492502e+00
9.845822974301776664e-01
2.522994345950263728e+00
1.174719128449501770e+00
4.635447667963724427e+00
2.647204773774929354e+00
6.455043504644153440e-01
3.368039241338993683e+00
1.149301988707214228e+00
2.088570311440617111e+00
4.482327623346976431e+00
1.715409411729946765e+00
5.417947070589821834e+00
1.590859503017018062e+00
1.866640746797357808e+00
3.550961390794613592e+00
7.636886724380642644e-01
1.102134038314925846e+00
9.953404727962833487e-01
4.281870522588951289e+00
3.910518718018582973e+00
9.255327798176182785e-01
2.859120333046172302e-01
3.605492507342531461e+00
9.298801642984799720e-02
3.132267974604086014e-01
8.325171346840354314e-01
3.287531883542088806e+00
2.027181156886381785e-02
4.020336648902386401e+00
1.016428327348817273e-01
4.499795307904685959e-01
7.405829695448207239e-01
1.718847982622699888e+00
1.526332810188768541e-02
6.440339024374108767e-01
3.617456847340788428e+00
1.750746075502795929e-01
2.103628480788700905e+00
1.683845990158749917e-01
1.505738723101979204e+00
5.958546608558300761e+00
4.019747351432800819e-01
4.355439832246386977e+00
2.154941861796540792e+00
6.112967173868314674e+00
1.748298667666959849e+00
3.266483797219321694e-01
6.351083190755912877e-01
2.812706302974640415e+00
2.172396691332389995e+00
2.723903492114661873e+00
1.661285709101868457e+00
1.750400554920212848e+00
1.763044120496012335e+00
2.991636263175401211e-01
5.050455780711286202e+00
4.283624218145969387e+00
9.657045082243143064e-01
5.228586910783334041e+00
4.342087917678370879e+00
2.544851507669360302e+00
3.705427823630675910e+00
2.351406560999824702e+00
8.496669497819830941e-01
2.707347148412678983e+00
6.525839916110598438e-01
1.027559332538987569e+00
1.739998822184752880e+00
7.535774465885947127e-01
3.931374384258419230e+00
1.351502828492203712e+00
4.495791949834993417e+00
7.543457878067094668e-02
2.179956803445948221e-01
2.076345915011116539e+00
1.501565433441063302e+00
5.402286934312964028e+00
1.549643590369930157e+00
1.769339215933830589e+00
9.096260855493309982e-02
4.503726328413946156e+00
4.780092321621185469e+00
2.253481948500928311e+00
1.533785082416513346e+00
1.980688304389291998e+00
4.543777553981800388e+00
1.165597006522084422e+00
6.383360393775849850e-01
3.505064939010289482e+00
6.838100925405710129e-02
4.780733992816406541e+00
6.237656176937012020e-01
3.527310510226577822e+00
1.932072417338186465e+00
3.734779372663328267e+00
1.422665297665643980e+00
6.688070518579762869e+00
1.479162843147348028e+00
1.110598396777442431e+00
3.043205504571822040e-01
7.892191114451374556e-01
3.863129423843102650e+00
6.748640894190527373e-01
3.493081604928716111e+00
3.856454349075430166e+00
2.757737839875288088e+00
1.027723451260564858e-02
4.211516552237126731e+00
1.074054684922773895e+00
5.385825816098699370e-02
1.149213413113092663e-01
1.735186647535155169e+00
1.230901378242453825e+00
3.415109233603708105e-01
2.075049656135029785e+00
1.431215125073889149e+00
3.439477110155330308e+00
1.487319857424387326e+00
2.597574584943021847e+00
4.013546862384620439e-01
4.837788851725023598e+00
3.702866242855378243e+00
1.077750250610743921e+00
7.869696925391567177e-01
2.692882035782674599e+00
2.954537810176311119e+00
4.128924363352326488e-01
5.873687148787776202e-01
9.057390598528042958e+00
2.658126037345354131e-01
4.475301929539140744e+00
9.944241380839158317e-02
4.952126537838352771e-01
1.384594240121321818e+00
5.920373157140501608e-01
3.558476672651400552e-01
7.259671784555943308e-01
1.135964808355950373e+00
3.499536992888363507e+00
2.498363691629498007e+00
1.317289676419884925e+00
4.767320906785363910e+00
9.028602620896226227e+00
1.569009908185425850e-01
9.910662988638940796e-01
3.949603620536867865e-01
1.532147059710475823e+00
6.187845696928522266e+00
1.324661991100747338e+00
1.399073301645687994e+00
1.460778209988262688e+00
2.312103896392355473e+00
3.055764248927861360e-01
2.219622831260907869e+00
1.617270150700079734e+00
1.381039338305417585e+00
9.261226258010224477e-01
1.115330290799554369e-01
2.426138921333803822e+00
4.304595364753160958e-01
6.612191277136114653e-01
1.000421202501672324e+00
3.428273081198538463e+00
1.952305745226036171e+00
6.311938599725808174e-01
2.836816937991561982e+00
2.018855450810252972e+00
4.702996266758519006e-02
4.295214809608494111e-01
1.416660167690061423e+00
1.877398741961865403e+00
2.839548111545639131e+00
8.580319117552304142e-02
6.809483135006211274e-01
2.397878592768898365e-01
1.710552682217426623e+00
1.159773526225280627e+00
4.900918432578693640e-01
5.372554430391002001e+00
6.377934973722273249e+00
4.144726251525343574e-01
2.657605924077781623e+00
2.275347286890695209e+00
1.336528305202799860e+00
2.810290136995323707e+00
1.732679960787764095e-01
2.040869292825668868e+00
8.596603360118326709e-01
6.263909100000597530e-01
1.945828747551182625e+00
3.521020000706850617e+00
1.175855720454620501e+00
2.190658237600873193e+00
1.397884023347706339e-01
3.485522838153340963e+00
5.328965810987861040e+00
3.402620300696796996e+00
1.710411443574727519e+00
7.015246436613187253e-01
9.767766298806790370e-01
1.064303860944759705e-01
2.659133017439174740e-01
1.347415816487336215e+00
6.498285675122209781e+00
4.269760964164659445e-01
9.739501157381946772e-01
4.166160210940246245e+00
1.145471362645366087e+00
1.454668409959691822e-01
2.077601557751063144e+00
3.561038651326171589e+00
1.101268209265601206e+00
4.861820378304070545e+00
2.399203037605700750e+00
5.989232648104181322e+00
3.975712490791903697e+00
1.945164288265599506e-01
9.822142534303013317e-01
2.359269530368771406e+00
2.750533040983793587e+00
6.756642043968930089e-01
2.836008063104772603e+00
1.201461989669754260e+00
1.445713915123588711e+00
5.202446637477076141e-01
2.431640164096790180e+00
8.519901104340699138e-01
1.015948404844543296e+00
1.237334310459790032e+00
8.789784101287689833e-01
2.325631571143725651e+00
7.102366071414534243e-01
4.443559257336682222e+00
1.150546269127206145e-01
1.742069624923855420e+00
2.605171483547883415e+00
9.250363720403664836e-02
2.939991719736339881e+00
1.141064398643641953e+00
1.518300089853141799e+00
1.370826716449615734e+00
9.135967859041149719e-01
3.095328622354119652e+00
2.896468648146177660e-01
1.174174662506074496e+00
8.428817651934095156e-01
3.313614747164128627e-01
5.218451861308626150e-01
1.495356685294491061e+00
2.781862250693034611e-01
5.894152274650910073e-01
2.084254158991944994e+00
1.233576124963859932e+00
7.290925569821923524e+00
2.854523329972857848e-01
3.071659597400173691e+00
1.115654733131946630e+00
6.361499504904200020e-01
6.759354787571791867e-01
9.237674711811694195e-01
1.418160569776931723e+00
4.410633260021556978e-01
1.376155777399767910e+00
1.215722069286995222e+00
1.454532799270435994e-02
6.683309509849399532e+00
2.053926655469554774e+00
1.063620648437856309e+00
5.557451865607809793e-01
1.577823716413430111e+00
1.066775292272478248e+00
1.156741920752657471e-02
7.650758514346716943e+00
4.644977845203936972e+00
7.284227334867143799e-01
3.222400142824992653e+00
3.922172282970357582e+00
1.023844762745311776e+00
2.893983217714708456e+00
4.283015859297531591e+00
8.305748493823676526e+00
1.359527656917239868e+00
1.620296281266172533e+00
6.530183463087024798e-01
3.239789316730079527e+00
2.084804866984417693e+00
1.925944596349637994e-01
3.985509008951886312e+00
2.950198410361546397e+00
6.291380538121105204e-01
2.212114463798916297e+00
1.696498150004286387e+00
9.557947315135784105e-01
4.353812222344388694e-01
5.706158151149309798e-01
1.949570207653323894e+00
6.337393023012658944e+00
3.198025217709201673e+00
1.533129450699610707e-01
1.590372634523262718e+00
5.627434967477659811e+00
5.977124567251124176e-01
4.015435892552499553e+00
1.448187762882833240e+00
7.173520618647408753e+00
1.008454883714600125e+00
2.190709216820951877e-01
1.082872756799424518e-01
3.489814607423276982e+00
2.407893557032546816e+00
2.435180763060882381e+00
2.005433468331513147e+00
3.122614088046168135e+00
3.172799874566367695e-01
8.360598163491650414e-01
6.071476383818308342e-01
8.745969182941149000e-01
4.170605111070369908e+00
6.334489506668139480e-01
1.610995226238682854e+00
1.449465157207946442e+00
2.495053480082052300e+00
6.093449912207633545e+00
5.952046834654822760e-01
2.392238847503014298e+00
9.919000853659976080e-01
1.131020936890826389e+00
2.227931241526341033e+00
2.709514978896798709e-01
3.843621295344923361e+00
1.336809841717989666e-01
1.604877842744989458e-01
1.582584247391438659e-02
4.289344905483325476e+00
3.284880143519743889e+00
4.312516731722525698e+00
9.009482423398373907e-01
7.025450046745879362e+00
1.861101823287744095e+00
3.491196166091079522e+00
2.179869181144161949e+00
3.786094820735236510e+00
7.864987856256407284e+00
